17891484 10 0 2044656 513
17957019 10 0 2044718 512
18022553 10 0 2044734 512
18088088 10 0 2044734 512
18153623 10 0 2044750 512
18153621 10 0 2044750 512
18350227 10 0 2044765 512
18546829 10 0 2044781 512
18677899 10 0 2044781 512
18874503 10 0 2044796 512
19136644 10 0 2044796 512
19267713 10 0 2044812 512
19464318 10 0 2044812 512
19660924 10 0 2044828 512
19726458 10 0 2044828 512
19988600 10 0 2044843 512
20119670 10 0 2044843 512
20250741 10 0 2044859 512
20381812 10 0 2044859 512
20512882 10 0 2044875 512
20643954 10 0 2044875 512
20775025 10 0 2044890 512
20906097 10 0 2044890 512
21037168 10 0 2044906 512
21233776 10 0 2044906 512
21430384 10 0 2044906 512
21561456 10 0 2044921 512
21692529 10 0 2044921 512
21758065 10 0 2044937 512
21889137 10 0 2044937 512
21889138 10 0 2044953 512
21954675 10 0 2044953 512
22020211 10 0 2044968 512
22151285 10 0 2044968 512
22151288 10 0 2044984 512
22216827 10 0 2044984 512
22347902 10 0 2045000 512
22347906 10 0 2045000 512
22413446 10 0 2045015 512
22413452 10 0 2045015 512
22413456 10 0 2045031 512
22413463 10 0 2045031 512
22282395 10 0 2045046 512
22282401 10 0 2045046 512
22151335 10 0 2045046 512
22151339 10 0 2045062 512
22085805 10 0 2045062 512
22085807 10 0 2045078 512
22085808 10 0 2045078 512
22020273 10 0 2045093 512
22020274 10 0 2045093 512
21954738 10 0 2045109 512
21954739 10 0 2045109 512
21889203 10 0 2045125 512
21823668 10 0 2045140 512
21627060 10 0 2045140 512
21364918 10 0 2045156 512
20906167 10 0 2045156 512
20250809 10 0 2045171 512
19792058 10 0 2045171 512
19333308 10 0 2045187 512
19071164 10 0 2045187 512
18874556 10 0 2045203 512
18809020 10 0 2045203 512
18743484 10 0 2045203 512
18612412 10 0 2045218 512
18546876 10 0 2045234 512
18481340 10 0 2045265 512
18415803 10 0 2045281 512
18415802 10 0 2045296 512
18350265 10 0 2045312 512
18350264 10 0 2045312 512
18219191 10 0 2045328 512
18219188 10 0 2045328 512
18153650 10 0 2045343 512
18088113 10 0 2045343 512
18088111 10 0 2045343 512
18022574 10 0 2045359 512
17957037 10 0 2045359 512
17891500 10 0 2045375 512
17891499 10 0 2045390 512
17891498 10 0 2045390 512
17825962 10 0 2045406 512
17825962 10 0 2045406 514
16318689 10 0 2053406 513
16384225 10 0 2053453 512
16515297 10 0 2053468 512
16711906 10 0 2053468 512
17105124 10 0 2053484 512
17498341 10 0 2053484 512
18022630 10 0 2053500 512
18546920 10 0 2053500 512
19267817 10 0 2053515 512
19792106 10 0 2053515 512
20316396 10 0 2053531 512
20775149 10 0 2053531 512
21233902 10 0 2053546 512
21758191 10 0 2053546 512
22216944 10 0 2053562 512
22675697 10 0 2053562 512
22937842 10 0 2053562 512
23134450 10 0 2053578 512
23462131 10 0 2053578 512
23593204 10 0 2053593 512
23789812 10 0 2053593 512
23920884 10 0 2053609 512
24051957 10 0 2053609 512
24183029 10 0 2053625 512
24314102 10 0 2053625 512
24379639 10 0 2053640 512
24510711 10 0 2053640 512
24641783 10 0 2053656 512
24707320 10 0 2053656 512
24772856 10 0 2053671 512
24903928 10 0 2053671 512
25100537 10 0 2053687 512
25297145 10 0 2053687 512
25362681 10 0 2053703 512
25493754 10 0 2053718 512
25624826 10 0 2053718 512
25690362 10 0 2053734 512
25755898 10 0 2053750 512
25821434 10 0 2053781 512
25821434 10 0 2053859 514
16515384 10 0 2059328 513
16580920 10 0 2059359 512
16711992 10 0 2059359 512
16777528 10 0 2059375 512
16908600 10 0 2059390 512
17170744 10 0 2059390 512
17367352 10 0 2059406 512
17891640 10 0 2059421 512
18153784 10 0 2059421 512
18415928 10 0 2059437 512
18612536 10 0 2059437 512
18809144 10 0 2059453 512
18874680 10 0 2059453 512
19071289 10 0 2059468 512
19136826 10 0 2059468 512
19202362 10 0 2059468 512
19267898 10 0 2059484 512
19267899 10 0 2059484 512
19333435 10 0 2059500 512
19398971 10 0 2059515 512
19333435 10 0 2059625 512
19267899 10 0 2059625 512
19136827 10 0 2059640 512
19071291 10 0 2059656 512
19005755 10 0 2059671 512
18743611 10 0 2059671 512
18678075 10 0 2059687 512
18547003 10 0 2059703 512
18481467 10 0 2059718 512
18481467 10 0 2059718 514
16515388 10 0 2060437 513
16449852 10 0 2060500 512
16449853 10 0 2060515 512
16449854 10 0 2060531 512
16449860 10 0 2060546 512
16449870 10 0 2060562 512
16449874 10 0 2060562 512
16449879 10 0 2060578 512
16449887 10 0 2060578 512
16449893 10 0 2060578 512
16449898 10 0 2060593 512
16449904 10 0 2060593 512
16449909 10 0 2060609 512
16449915 10 0 2060609 512
16449918 10 0 2060625 512
16384384 10 0 2060625 512
16384386 10 0 2060640 512
16318852 10 0 2060640 512
16318854 10 0 2060656 512
16318856 10 0 2060656 512
16318859 10 0 2060671 512
16253324 10 0 2060671 512
16253325 10 0 2060687 512
16253327 10 0 2060687 512
16187791 10 0 2060703 512
16187792 10 0 2060703 512
16122257 10 0 2060718 512
16122258 10 0 2060734 512
16122259 10 0 2060750 512
16187795 10 0 2060859 512
16515475 10 0 2060875 512
16712083 10 0 2060875 512
17039763 10 0 2060890 512
17432979 10 0 2060890 512
17760659 10 0 2060906 512
18153874 10 0 2060906 512
18350481 10 0 2060921 512
18416017 10 0 2060921 512
18547089 10 0 2060937 512
18678161 10 0 2060937 512
18743697 10 0 2060953 512
18809233 10 0 2060968 512
18874769 10 0 2060984 512
18940305 10 0 2061015 512
19005841 10 0 2061125 512
19005838 10 0 2061343 512
19005836 10 0 2061343 512
19005834 10 0 2061359 512
19005832 10 0 2061359 512
19005831 10 0 2061375 512
19005829 10 0 2061375 512
19005826 10 0 2061390 512
19005822 10 0 2061390 512
19005819 10 0 2061406 512
19005817 10 0 2061406 512
19005815 10 0 2061421 512
19005812 10 0 2061421 512
19005809 10 0 2061437 512
19005808 10 0 2061437 512
19005806 10 0 2061453 512
19005803 10 0 2061453 512
19005801 10 0 2061468 512
19005799 10 0 2061468 512
19005797 10 0 2061484 512
19005795 10 0 2061484 512
19005793 10 0 2061500 512
19005791 10 0 2061500 512
19005789 10 0 2061515 512
18940251 10 0 2061515 512
18940250 10 0 2061531 512
18940249 10 0 2061531 512
18940247 10 0 2061531 512
18940246 10 0 2061546 512
18940245 10 0 2061546 512
18940244 10 0 2061562 512
18940243 10 0 2061578 512
18940242 10 0 2061593 512
18940241 10 0 2061609 512
19005775 10 0 2061609 512
19005774 10 0 2061625 512
19005773 10 0 2061640 512
19005772 10 0 2061656 512
19005771 10 0 2061671 512
19005770 10 0 2061703 512
19005770 10 0 2061796 514
22151458 10 0 2062218 513
22216994 10 0 2062296 512
22216996 10 0 2062296 512
22216999 10 0 2062312 512
22217002 10 0 2062312 512
22217009 10 0 2062328 512
22151480 10 0 2062328 512
22151487 10 0 2062343 512
22020424 10 0 2062343 512
22020436 10 0 2062359 512
22020447 10 0 2062359 512
21823854 10 0 2062375 512
21758330 10 0 2062375 512
21758340 10 0 2062375 512
21758349 10 0 2062390 512
21758357 10 0 2062390 512
21758365 10 0 2062406 512
21758371 10 0 2062406 512
21758380 10 0 2062421 512
21758386 10 0 2062421 512
21758392 10 0 2062437 512
21758397 10 0 2062437 512
21758403 10 0 2062453 512
21758406 10 0 2062453 512
21758408 10 0 2062468 512
21758410 10 0 2062468 512
21758411 10 0 2062484 512
21758412 10 0 2062484 512
21758413 10 0 2062484 512
21758414 10 0 2062500 512
21758415 10 0 2062515 512
21758416 10 0 2062531 512
21758416 10 0 2062593 514
22544757 10 0 2062984 513
22675829 10 0 2063046 512
22872437 10 0 2063062 512
23134581 10 0 2063062 512
23396725 10 0 2063078 512
23724405 10 0 2063093 512
24117621 10 0 2063093 512
24969589 10 0 2063093 512
25231733 10 0 2063109 512
25690485 10 0 2063109 512
25887093 10 0 2063125 512
26083702 10 0 2063125 512
26280310 10 0 2063140 512
26476918 10 0 2063140 512
26542454 10 0 2063156 512
26673526 10 0 2063156 512
26673527 10 0 2063171 512
26739063 10 0 2063171 512
26804599 10 0 2063187 512
26870135 10 0 2063203 512
26870135 10 0 2063296 514
14877209 10 0 2063984 513
14877210 10 0 2064062 512
15139358 10 0 2064078 512
15467043 10 0 2064093 512
15860264 10 0 2064109 512
15991339 10 0 2064109 512
16122413 10 0 2064125 512
16319024 10 0 2064125 512
16384562 10 0 2064125 512
16515635 10 0 2064140 512
16515637 10 0 2064156 512
16646709 10 0 2064156 512
16646711 10 0 2064156 512
16712247 10 0 2064171 512
16712248 10 0 2064171 512
16777785 10 0 2064187 512
16843322 10 0 2064203 512
16843322 10 0 2064218 514
17367541 10 0 2064625 513
17367542 10 0 2064718 512
17367546 10 0 2064718 512
17367550 10 0 2064734 512
17367560 10 0 2064750 512
17367569 10 0 2064750 512
17302041 10 0 2064750 512
17236516 10 0 2064765 512
17170991 10 0 2064765 512
16974392 10 0 2064781 512
16908866 10 0 2064781 512
16843337 10 0 2064796 512
16843343 10 0 2064796 512
16843349 10 0 2064812 512
16843352 10 0 2064812 512
16843355 10 0 2064828 512
16843357 10 0 2064828 512
16843359 10 0 2064828 512
16843360 10 0 2064843 512
16843362 10 0 2064843 512
16843363 10 0 2064859 512
16843364 10 0 2064875 512
16843364 10 0 2064906 514
18022966 10 0 2065187 513
18088501 10 0 2065203 512
18154036 10 0 2065203 512
18154035 10 0 2065234 512
18154034 10 0 2065265 512
18219570 10 0 2065265 512
18285105 10 0 2065281 512
18481711 10 0 2065296 512
18874925 10 0 2065296 512
19268138 10 0 2065312 512
19464745 10 0 2065312 512
19661351 10 0 2065328 512
19857958 10 0 2065328 512
20054565 10 0 2065343 512
20120101 10 0 2065343 512
20251173 10 0 2065359 512
20316709 10 0 2065359 512
20513317 10 0 2065375 512
20578854 10 0 2065375 512
20709926 10 0 2065390 512
20775464 10 0 2065390 512
20906537 10 0 2065406 512
20906539 10 0 2065406 512
20972076 10 0 2065421 512
21037613 10 0 2065421 512
21168689 10 0 2065437 512
21299764 10 0 2065437 512
21299766 10 0 2065453 512
21365306 10 0 2065453 512
21365310 10 0 2065468 512
21430852 10 0 2065468 512
21430856 10 0 2065484 512
21430862 10 0 2065484 512
21430867 10 0 2065484 512
21430871 10 0 2065500 512
21299804 10 0 2065500 512
21299807 10 0 2065515 512
21234273 10 0 2065515 512
21168738 10 0 2065531 512
21168739 10 0 2065531 512
21168740 10 0 2065546 512
21103205 10 0 2065546 512
21037670 10 0 2065578 512
20972134 10 0 2065578 512
20972135 10 0 2065593 512
20972136 10 0 2065609 512
20906600 10 0 2065625 512
20775528 10 0 2065640 512
20644456 10 0 2065640 512
20382311 10 0 2065640 512
20185703 10 0 2065656 512
19923557 10 0 2065656 512
19792485 10 0 2065671 512
19595876 10 0 2065671 512
19464802 10 0 2065687 512
19333730 10 0 2065687 512
19202657 10 0 2065703 512
19137121 10 0 2065703 512
19071584 10 0 2065718 512
19006048 10 0 2065718 512
18940510 10 0 2065734 512
18809436 10 0 2065734 512
18743897 10 0 2065750 512
18547284 10 0 2065750 512
18416209 10 0 2065765 512
18219595 10 0 2065765 512
18154056 10 0 2065781 512
18154052 10 0 2065781 512
18022976 10 0 2065796 512
17957438 10 0 2065796 512
17891900 10 0 2065796 512
17891899 10 0 2065812 512
17826360 10 0 2065812 512
17826359 10 0 2065828 512
17826358 10 0 2065843 512
17826357 10 0 2065859 512
17826356 10 0 2065875 512
17826356 10 0 2065906 514
17957499 10 0 2066281 513
17957500 10 0 2066281 512
17957501 10 0 2066296 512
17957503 10 0 2066296 512
17957511 10 0 2066312 512
17957519 10 0 2066328 512
17957522 10 0 2066343 512
17957526 10 0 2066343 512
18023067 10 0 2066343 512
18023071 10 0 2066359 512
18023074 10 0 2066359 512
18023077 10 0 2066375 512
18023079 10 0 2066375 512
18023082 10 0 2066390 512
18023083 10 0 2066390 512
18023085 10 0 2066406 512
18023088 10 0 2066406 512
18023089 10 0 2066421 512
18023090 10 0 2066421 512
18023091 10 0 2066437 512
18023092 10 0 2066453 512
18023092 10 0 2066468 514
20447869 10 0 2066812 513
20447870 10 0 2066859 512
20447871 10 0 2066875 512
20447873 10 0 2066875 512
20447874 10 0 2066890 512
20447877 10 0 2066906 512
20447880 10 0 2066906 512
20447883 10 0 2066906 512
20447885 10 0 2066921 512
20447889 10 0 2066921 512
20447894 10 0 2066937 512
20447898 10 0 2066937 512
20447902 10 0 2066953 512
20447906 10 0 2066953 512
20447909 10 0 2066968 512
20447912 10 0 2066968 512
20447914 10 0 2066984 512
20447915 10 0 2066984 512
20447917 10 0 2067000 512
20447918 10 0 2067000 512
20447919 10 0 2067015 512
20447920 10 0 2067015 512
20382384 10 0 2067031 512
20382385 10 0 2067046 512
20382386 10 0 2067046 512
20382387 10 0 2067078 512
20382387 10 0 2067125 514
15205046 10 0 2067453 513
15270582 10 0 2067468 512
15270581 10 0 2067468 512
15401653 10 0 2067484 512
15532724 10 0 2067500 512
15663795 10 0 2067500 512
15860402 10 0 2067515 512
16188080 10 0 2067515 512
16450224 10 0 2067531 512
16712367 10 0 2067531 512
16908975 10 0 2067546 512
17171118 10 0 2067546 512
17629869 10 0 2067546 512
18023083 10 0 2067562 512
18416299 10 0 2067562 512
19006122 10 0 2067578 512
19333801 10 0 2067578 512
19727017 10 0 2067593 512
19923625 10 0 2067593 512
20120233 10 0 2067609 512
20316841 10 0 2067609 512
20513449 10 0 2067625 512
20644521 10 0 2067625 512
20775593 10 0 2067640 512
20906665 10 0 2067640 512
21037737 10 0 2067656 512
21103273 10 0 2067656 512
21234345 10 0 2067671 512
21299881 10 0 2067671 512
21365417 10 0 2067687 512
21430953 10 0 2067687 512
21496489 10 0 2067703 512
21562025 10 0 2067734 512
21562025 10 0 2067750 514
23724602 10 0 2068125 513
23790138 10 0 2068187 512
23921210 10 0 2068203 512
23986746 10 0 2068218 512
24183354 10 0 2068234 512
24379962 10 0 2068250 512
24511035 10 0 2068250 512
24707643 10 0 2068250 512
24773180 10 0 2068250 512
24904252 10 0 2068265 512
25035324 10 0 2068265 512
25166397 10 0 2068281 512
25231934 10 0 2068281 512
25297470 10 0 2068296 512
25363007 10 0 2068312 512
25428543 10 0 2068328 512
25494079 10 0 2068343 512
25494080 10 0 2068375 512
25494081 10 0 2068406 512
25494082 10 0 2068406 512
25494086 10 0 2068421 512
25494088 10 0 2068437 512
25494090 10 0 2068437 512
25494093 10 0 2068453 512
25494096 10 0 2068453 512
25494100 10 0 2068468 512
25494106 10 0 2068468 512
25494111 10 0 2068484 512
25428582 10 0 2068484 512
25428589 10 0 2068500 512
25363059 10 0 2068500 512
25297529 10 0 2068515 512
25297534 10 0 2068515 512
25166470 10 0 2068531 512
25100940 10 0 2068531 512
25035410 10 0 2068531 512
25035415 10 0 2068546 512
24969883 10 0 2068546 512
24904350 10 0 2068562 512
24904352 10 0 2068562 512
24904353 10 0 2068578 512
24904354 10 0 2068578 512
24904355 10 0 2068593 512
24904356 10 0 2068593 512
24904357 10 0 2068609 512
24904358 10 0 2068640 512
24904359 10 0 2068671 512
24904359 10 0 2068671 514
