22741127 10 0 1399390 513
22741128 10 0 1399390 512
22741126 10 0 1399484 512
22741121 10 0 1399484 512
22675579 10 0 1399500 512
22675575 10 0 1399500 512
22675573 10 0 1399515 512
22675571 10 0 1399515 512
22675569 10 0 1399531 512
22675567 10 0 1399546 512
22741103 10 0 1399562 512
22741102 10 0 1399562 512
22806637 10 0 1399562 512
23003241 10 0 1399578 512
23527523 10 0 1399578 512
23855200 10 0 1399593 512
24117341 10 0 1399593 512
24576090 10 0 1399609 512
25100374 10 0 1399609 512
25559124 10 0 1399625 512
25886802 10 0 1399625 512
26148944 10 0 1399640 512
26280015 10 0 1399640 512
26411087 10 0 1399656 512
26476623 10 0 1399656 512
26607695 10 0 1399671 512
26673231 10 0 1399687 512
26738767 10 0 1399687 512
26804303 10 0 1399703 512
26869839 10 0 1399703 512
26935375 10 0 1399718 512
27000912 10 0 1399734 512
27066450 10 0 1399734 512
27066454 10 0 1399750 512
27131996 10 0 1399750 512
27197537 10 0 1399765 512
27197543 10 0 1399765 512
27197550 10 0 1399781 512
27132019 10 0 1399781 512
27132026 10 0 1399796 512
27132033 10 0 1399796 512
27000967 10 0 1399812 512
27000972 10 0 1399812 512
26869906 10 0 1399812 512
26804374 10 0 1399828 512
26738842 10 0 1399843 512
26673310 10 0 1399843 512
26542241 10 0 1399843 512
26411171 10 0 1399859 512
26214567 10 0 1399859 512
26149032 10 0 1399875 512
26017962 10 0 1399875 512
25952427 10 0 1399890 512
25886892 10 0 1399890 512
25755820 10 0 1399906 512
25755821 10 0 1399906 512
25624750 10 0 1399921 512
25297070 10 0 1399937 512
24969390 10 0 1399937 512
24576173 10 0 1399953 512
24379564 10 0 1399953 512
24182955 10 0 1399953 512
24117418 10 0 1399968 512
23986346 10 0 1399968 512
23855274 10 0 1399984 512
23855273 10 0 1399984 512
23724201 10 0 1400000 512
23593127 10 0 1400000 512
23462054 10 0 1400015 512
23265443 10 0 1400015 512
23068833 10 0 1400031 512
22937758 10 0 1400031 512
22806684 10 0 1400046 512
22610074 10 0 1400046 512
22544536 10 0 1400062 512
22413460 10 0 1400062 512
22413458 10 0 1400078 512
22347919 10 0 1400078 512
22347917 10 0 1400093 512
22347915 10 0 1400093 512
22347913 10 0 1400093 512
22347911 10 0 1400109 512
22347909 10 0 1400109 512
22282372 10 0 1400125 512
22282371 10 0 1400125 512
22282370 10 0 1400140 512
22282369 10 0 1400156 512
22282368 10 0 1400171 512
22282368 10 0 1400218 514
21889232 10 0 1400828 513
22085840 10 0 1400875 512
22413520 10 0 1400875 512
22806736 10 0 1400890 512
23265487 10 0 1400890 512
23789775 10 0 1400906 512
24117455 10 0 1400906 512
24510671 10 0 1400921 512
24772815 10 0 1400921 512
25034959 10 0 1400921 512
25231567 10 0 1400937 512
25428175 10 0 1400937 512
25559247 10 0 1400953 512
25755855 10 0 1400953 512
26017999 10 0 1400968 512
26345679 10 0 1400968 512
26935503 10 0 1400984 512
27459791 10 0 1400984 512
27984079 10 0 1401000 512
28508367 10 0 1401000 512
28770511 10 0 1401015 512
29032655 10 0 1401015 512
29425872 10 0 1401031 512
29622480 10 0 1401031 512
29819088 10 0 1401046 512
29950160 10 0 1401046 512
30081232 10 0 1401062 512
30146768 10 0 1401062 512
30212304 10 0 1401062 512
30277840 10 0 1401078 512
30343376 10 0 1401078 512
30408912 10 0 1401093 512
30474448 10 0 1401109 512
30539984 10 0 1401125 512
30539984 10 0 1401296 514
21889333 10 0 1402250 513
21954869 10 0 1402296 512
22085941 10 0 1402296 512
22282549 10 0 1402312 512
22479157 10 0 1402312 512
22675766 10 0 1402328 512
23003447 10 0 1402328 512
23134519 10 0 1402343 512
23265592 10 0 1402343 512
23331128 10 0 1402359 512
23462201 10 0 1402359 512
23527737 10 0 1402375 512
23593273 10 0 1402390 512
23658809 10 0 1402390 512
23724346 10 0 1402406 512
23789882 10 0 1402421 512
23724346 10 0 1402562 512
23527738 10 0 1402562 512
23134523 10 0 1402578 512
22282557 10 0 1402578 512
21692735 10 0 1402593 512
21168449 10 0 1402593 512
20971841 10 0 1402609 512
20775234 10 0 1402609 512
20775234 10 0 1402609 514
20447554 10 0 1403093 513
20447555 10 0 1403203 512
20447558 10 0 1403218 512
20447559 10 0 1403218 512
20447561 10 0 1403234 512
20447564 10 0 1403234 512
20447566 10 0 1403234 512
20382032 10 0 1403250 512
20382035 10 0 1403250 512
20316503 10 0 1403265 512
20316506 10 0 1403265 512
20316509 10 0 1403281 512
20316512 10 0 1403281 512
20316515 10 0 1403296 512
20316518 10 0 1403296 512
20316521 10 0 1403312 512
20316522 10 0 1403312 512
20316525 10 0 1403328 512
20316528 10 0 1403328 512
20316530 10 0 1403343 512
20316533 10 0 1403343 512
20316534 10 0 1403359 512
20316535 10 0 1403359 512
20316536 10 0 1403375 512
20316538 10 0 1403375 512
20316539 10 0 1403390 512
20316540 10 0 1403390 512
20316541 10 0 1403406 512
20316542 10 0 1403406 512
20316543 10 0 1403421 512
20316544 10 0 1403437 512
20316545 10 0 1403453 512
20316546 10 0 1403468 512
20316547 10 0 1403484 512
20382085 10 0 1403484 512
20447622 10 0 1403500 512
20447623 10 0 1403500 512
20447624 10 0 1403515 512
20447625 10 0 1403531 512
20447626 10 0 1403562 512
20447627 10 0 1403578 512
20447628 10 0 1403609 512
20513165 10 0 1403640 512
20578702 10 0 1403656 512
20578703 10 0 1403671 512
20644239 10 0 1403687 512
20709775 10 0 1403703 512
20775311 10 0 1403718 512
21037455 10 0 1403718 512
21102989 10 0 1403734 512
21299597 10 0 1403734 512
21365132 10 0 1403750 512
21627274 10 0 1403750 512
21692810 10 0 1403765 512
21889417 10 0 1403765 512
21954951 10 0 1403781 512
22151559 10 0 1403781 512
22217095 10 0 1403781 512
22282630 10 0 1403796 512
22413702 10 0 1403796 512
22413701 10 0 1403812 512
22479237 10 0 1403812 512
22544773 10 0 1403828 512
22610309 10 0 1403843 512
22675845 10 0 1403843 512
22741381 10 0 1403875 512
22872453 10 0 1403875 512
23069061 10 0 1403890 512
23265668 10 0 1403890 512
23527812 10 0 1403906 512
23658884 10 0 1403906 512
23789956 10 0 1403921 512
23855492 10 0 1403921 512
24052100 10 0 1403937 512
24117636 10 0 1403937 512
24248708 10 0 1403953 512
24314244 10 0 1403968 512
24379780 10 0 1403984 512
24445316 10 0 1404015 512
24510852 10 0 1404031 512
24510852 10 0 1404125 514
23986491 10 0 1404578 513
23986493 10 0 1404593 512
23986494 10 0 1404593 512
23986496 10 0 1404609 512
23986498 10 0 1404609 512
23986501 10 0 1404625 512
23986503 10 0 1404625 512
23986506 10 0 1404625 512
23986509 10 0 1404640 512
23986512 10 0 1404640 512
23986515 10 0 1404656 512
23986518 10 0 1404656 512
23986522 10 0 1404671 512
24052061 10 0 1404671 512
24117601 10 0 1404687 512
24117604 10 0 1404687 512
24117607 10 0 1404703 512
24117610 10 0 1404703 512
24117613 10 0 1404718 512
24117615 10 0 1404718 512
24117618 10 0 1404734 512
24117621 10 0 1404734 512
24117624 10 0 1404750 512
24117626 10 0 1404750 512
24117629 10 0 1404750 512
24117630 10 0 1404765 512
24117632 10 0 1404765 512
24117633 10 0 1404781 512
24117634 10 0 1404781 512
24117635 10 0 1404796 512
24117636 10 0 1404812 512
24117636 10 0 1404828 514
26083617 10 0 1405359 513
26083619 10 0 1405375 512
26083623 10 0 1405375 512
26083626 10 0 1405390 512
26149170 10 0 1405406 512
26214709 10 0 1405406 512
26214712 10 0 1405421 512
26280252 10 0 1405421 512
26280256 10 0 1405421 512
26345798 10 0 1405437 512
26411340 10 0 1405437 512
26411346 10 0 1405453 512
26476891 10 0 1405453 512
26542433 10 0 1405468 512
26607978 10 0 1405468 512
26673519 10 0 1405484 512
26673525 10 0 1405484 512
26804602 10 0 1405500 512
26804608 10 0 1405500 512
26870151 10 0 1405515 512
26935692 10 0 1405515 512
26935698 10 0 1405531 512
26935702 10 0 1405531 512
26935705 10 0 1405546 512
26935707 10 0 1405546 512
26935709 10 0 1405562 512
26935710 10 0 1405562 512
26935711 10 0 1405562 512
26935712 10 0 1405578 512
26935713 10 0 1405578 512
26935715 10 0 1405593 512
26935718 10 0 1405593 512
26935721 10 0 1405609 512
26935724 10 0 1405609 512
26935727 10 0 1405625 512
26935728 10 0 1405625 512
26935729 10 0 1405640 512
26935730 10 0 1405640 512
26935731 10 0 1405656 512
26935732 10 0 1405671 512
26935733 10 0 1405687 512
26870197 10 0 1405750 512
26870197 10 0 1405781 514
27263335 10 0 1406296 513
27459943 10 0 1406343 512
27525479 10 0 1406359 512
27591015 10 0 1406375 512
27656551 10 0 1406390 512
27722087 10 0 1406390 512
27787623 10 0 1406406 512
27853159 10 0 1406437 512
27918695 10 0 1406453 512
27984231 10 0 1406468 512
28049767 10 0 1406531 512
28115303 10 0 1406578 512
28246375 10 0 1406593 512
28442983 10 0 1406609 512
28705126 10 0 1406609 512
28901734 10 0 1406625 512
29098341 10 0 1406625 512
29294949 10 0 1406640 512
29491557 10 0 1406640 512
29688165 10 0 1406656 512
29819237 10 0 1406656 512
29884773 10 0 1406656 512
29950309 10 0 1406671 512
30081381 10 0 1406671 512
30146917 10 0 1406687 512
30277989 10 0 1406703 512
30343525 10 0 1406703 512
30409061 10 0 1406734 512
30474597 10 0 1406750 512
30540133 10 0 1406781 512
30540133 10 0 1406937 514
17564193 10 0 1407718 513
17629729 10 0 1407750 512
17695265 10 0 1407750 512
17760801 10 0 1407765 512
17826337 10 0 1407765 512
18154020 10 0 1407781 512
18350630 10 0 1407781 512
18547240 10 0 1407796 512
18678313 10 0 1407796 512
18874924 10 0 1407812 512
19137070 10 0 1407812 512
19333680 10 0 1407828 512
19399218 10 0 1407828 512
19595827 10 0 1407843 512
19726901 10 0 1407843 512
19792437 10 0 1407859 512
19792438 10 0 1407859 512
19857974 10 0 1407875 512
19923511 10 0 1407890 512
19989047 10 0 1407921 512
19989047 10 0 1407953 514
21103096 10 0 1408375 513
21103097 10 0 1408421 512
21103099 10 0 1408421 512
20972035 10 0 1408437 512
20906502 10 0 1408437 512
20840972 10 0 1408453 512
20840977 10 0 1408453 512
20775446 10 0 1408468 512
20709914 10 0 1408468 512
20709920 10 0 1408484 512
20709924 10 0 1408484 512
20644393 10 0 1408500 512
20644398 10 0 1408500 512
20578866 10 0 1408515 512
20513333 10 0 1408515 512
20513336 10 0 1408531 512
20447803 10 0 1408531 512
20447805 10 0 1408546 512
20382272 10 0 1408546 512
20382274 10 0 1408562 512
20382276 10 0 1408562 512
20382278 10 0 1408578 512
20447817 10 0 1408578 512
20447818 10 0 1408578 512
20447821 10 0 1408593 512
20447823 10 0 1408593 512
20447826 10 0 1408609 512
20447828 10 0 1408609 512
20447830 10 0 1408625 512
20447831 10 0 1408625 512
20447832 10 0 1408640 512
20447834 10 0 1408640 512
20447835 10 0 1408656 512
20447836 10 0 1408656 512
20447837 10 0 1408687 512
20447838 10 0 1408703 512
20447839 10 0 1408718 512
20447839 10 0 1408796 514
21430837 10 0 1409062 513
21561907 10 0 1409078 512
21627441 10 0 1409078 512
21627440 10 0 1409093 512
21692975 10 0 1409093 512
21758510 10 0 1409109 512
21824045 10 0 1409125 512
21889580 10 0 1409140 512
21955115 10 0 1409156 512
21955114 10 0 1409171 512
22151719 10 0 1409187 512
22610463 10 0 1409203 512
22741533 10 0 1409203 512
22872604 10 0 1409218 512
22872602 10 0 1409218 512
23003674 10 0 1409234 512
23134744 10 0 1409234 512
23200280 10 0 1409250 512
23331351 10 0 1409250 512
23396886 10 0 1409250 512
23462422 10 0 1409265 512
23527958 10 0 1409265 512
23593494 10 0 1409281 512
23659030 10 0 1409281 512
23724566 10 0 1409296 512
23790102 10 0 1409296 512
23921174 10 0 1409312 512
23986711 10 0 1409312 512
24052247 10 0 1409328 512
24117784 10 0 1409328 512
24183321 10 0 1409343 512
24248859 10 0 1409343 512
24314398 10 0 1409359 512
24379937 10 0 1409359 512
24445476 10 0 1409375 512
24445480 10 0 1409375 512
24511019 10 0 1409390 512
24576558 10 0 1409390 512
24576560 10 0 1409406 512
24642100 10 0 1409406 512
24642101 10 0 1409406 512
24642102 10 0 1409421 512
24642103 10 0 1409421 512
24642105 10 0 1409437 512
24642106 10 0 1409437 512
24642107 10 0 1409453 512
24576571 10 0 1409453 512
24576573 10 0 1409468 512
24379969 10 0 1409468 512
24183365 10 0 1409484 512
24117830 10 0 1409484 512
24052296 10 0 1409500 512
24052297 10 0 1409500 512
23921226 10 0 1409515 512
23921227 10 0 1409531 512
23855691 10 0 1409531 512
23855692 10 0 1409546 512
23790157 10 0 1409546 512
23724621 10 0 1409562 512
23659085 10 0 1409609 512
23528013 10 0 1409656 512
23396941 10 0 1409671 512
23396940 10 0 1409671 512
23265867 10 0 1409671 512
23200330 10 0 1409687 512
23134794 10 0 1409687 512
22938184 10 0 1409703 512
22872647 10 0 1409703 512
22807111 10 0 1409718 512
22741574 10 0 1409718 512
22676037 10 0 1409750 512
22610500 10 0 1409750 512
22544964 10 0 1409781 512
22544963 10 0 1409781 512
22544962 10 0 1409812 512
22479425 10 0 1409828 512
22479424 10 0 1409828 512
22413888 10 0 1409843 512
22348350 10 0 1409843 512
22348349 10 0 1409859 512
22217276 10 0 1409875 512
22217275 10 0 1409890 512
22217275 10 0 1409890 514
21824108 10 0 1410265 513
21824109 10 0 1410296 512
21824110 10 0 1410343 512
21758579 10 0 1410375 512
21693049 10 0 1410390 512
21627521 10 0 1410390 512
21561991 10 0 1410406 512
21496459 10 0 1410406 512
21365392 10 0 1410421 512
21365396 10 0 1410421 512
21365399 10 0 1410437 512
21299865 10 0 1410437 512
21299867 10 0 1410453 512
21234333 10 0 1410453 512
21234334 10 0 1410468 512
21234336 10 0 1410484 512
21234337 10 0 1410500 512
21234338 10 0 1410500 512
21234339 10 0 1410515 512
21234340 10 0 1410515 512
21234342 10 0 1410531 512
21168806 10 0 1410546 512
21168807 10 0 1410562 512
21168806 10 0 1410593 512
21430945 10 0 1410593 512
21758616 10 0 1410609 512
21955217 10 0 1410609 512
22151819 10 0 1410625 512
22151819 10 0 1410625 514
23855719 10 0 1410953 513
23855721 10 0 1410953 512
23855723 10 0 1410968 512
23855725 10 0 1410968 512
23855730 10 0 1410984 512
23855732 10 0 1411000 512
23855734 10 0 1411000 512
23855736 10 0 1411015 512
23855738 10 0 1411015 512
23855740 10 0 1411031 512
23855742 10 0 1411031 512
23855743 10 0 1411046 512
23855745 10 0 1411046 512
23855746 10 0 1411046 512
23855747 10 0 1411062 512
23855748 10 0 1411062 512
23855749 10 0 1411078 512
23855750 10 0 1411093 512
23855751 10 0 1411093 512
23855753 10 0 1411109 512
23790220 10 0 1411125 512
23790223 10 0 1411125 512
23724690 10 0 1411140 512
23593620 10 0 1411140 512
23593623 10 0 1411156 512
23593625 10 0 1411156 512
23528091 10 0 1411156 512
23528092 10 0 1411171 512
23528093 10 0 1411171 512
23528094 10 0 1411187 512
23528095 10 0 1411203 512
23528096 10 0 1411218 512
23528097 10 0 1411250 512
23462562 10 0 1411281 512
23462562 10 0 1411296 514
17629856 10 0 1411656 513
17760926 10 0 1411718 512
18088606 10 0 1411718 512
18547357 10 0 1411734 512
19006107 10 0 1411750 512
19530395 10 0 1411750 512
20120219 10 0 1411750 512
20710043 10 0 1411765 512
21365403 10 0 1411765 512
21824155 10 0 1411781 512
22348443 10 0 1411781 512
22872731 10 0 1411796 512
23134875 10 0 1411796 512
23397019 10 0 1411812 512
23593627 10 0 1411812 512
23855771 10 0 1411828 512
24117915 10 0 1411828 512
24511131 10 0 1411843 512
24707739 10 0 1411843 512
24904347 10 0 1411859 512
25100955 10 0 1411859 512
25297564 10 0 1411859 512
25559709 10 0 1411875 512
25756317 10 0 1411875 512
25952925 10 0 1411890 512
26149534 10 0 1411890 512
26280606 10 0 1411906 512
26346142 10 0 1411906 512
26411678 10 0 1411921 512
26477214 10 0 1411921 512
26542750 10 0 1411937 512
26608286 10 0 1411953 512
26673822 10 0 1411968 512
26739358 10 0 1411984 512
26739358 10 0 1412031 514
27263555 10 0 1412359 513
27394627 10 0 1412421 512
27591235 10 0 1412437 512
27787842 10 0 1412437 512
28115521 10 0 1412437 512
28377665 10 0 1412453 512
28705345 10 0 1412453 512
28901953 10 0 1412468 512
29098561 10 0 1412468 512
29295169 10 0 1412484 512
29491777 10 0 1412484 512
29688385 10 0 1412500 512
29884994 10 0 1412500 512
30081602 10 0 1412515 512
30147138 10 0 1412515 512
30212674 10 0 1412531 512
30278211 10 0 1412531 512
30409283 10 0 1412546 512
30474820 10 0 1412562 512
30540357 10 0 1412578 512
30605893 10 0 1412593 512
30605894 10 0 1412609 512
30671430 10 0 1412609 512
30671431 10 0 1412640 512
30736968 10 0 1412671 512
30802507 10 0 1412687 512
30933589 10 0 1412687 512
30933595 10 0 1412703 512
30933599 10 0 1412703 512
30999139 10 0 1412718 512
30999145 10 0 1412718 512
30999150 10 0 1412734 512
30933621 10 0 1412734 512
30933627 10 0 1412750 512
30868097 10 0 1412750 512
30802570 10 0 1412765 512
30737041 10 0 1412765 512
30671511 10 0 1412781 512
30671517 10 0 1412781 512
30605986 10 0 1412796 512
30605991 10 0 1412796 512
30605995 10 0 1412796 512
30605999 10 0 1412812 512
30606002 10 0 1412828 512
30606004 10 0 1412828 512
30606006 10 0 1412828 512
30606007 10 0 1412843 512
30606008 10 0 1412843 512
30606009 10 0 1412859 512
30606010 10 0 1412890 512
30606011 10 0 1412890 512
30540475 10 0 1412906 512
30540476 10 0 1412921 512
30474940 10 0 1412937 512
30343870 10 0 1412937 512
30278336 10 0 1412937 512
30278336 10 0 1412968 514
15467371 10 16229521 1418921 513
15532907 10 16229521 1419000 512
15598443 10 16229521 1419000 512
15663979 10 16229521 1419015 512
15991659 10 16229521 1419015 512
16909158 10 16229521 1419031 512
17498980 10 16229521 1419046 512
17957729 10 16229521 1419046 512
18547550 10 16229521 1419062 512
18940764 10 16229521 1419062 512
19202906 10 16229521 1419078 512
19333977 10 16229521 1419078 512
19530585 10 16229521 1419078 512
19596121 10 16229521 1419093 512
19661657 10 16229521 1419109 512
19727193 10 16229521 1419109 512
19792729 10 16229521 1419125 512
19792729 10 16229521 1419234 514
15532911 10 16229521 1419828 513
15598448 10 16229521 1419890 512
15729522 10 16229521 1419906 512
15926131 10 16229521 1419921 512
16319349 10 16229521 1419921 512
16515959 10 16229521 1419921 512
16712568 10 16229521 1419937 512
16974714 10 16229521 1419937 512
17171324 10 16229521 1419953 512
17302397 10 16229521 1419953 512
17433470 10 16229521 1419968 512
17564543 10 16229521 1419968 512
17630080 10 16229521 1419984 512
17695617 10 16229521 1419984 512
17826689 10 16229521 1420000 512
17892226 10 16229521 1420015 512
17957763 10 16229521 1420015 512
18023300 10 16229521 1420031 512
18088836 10 16229521 1420078 512
18154373 10 16229521 1420093 512
18219909 10 16229521 1420109 512
18219910 10 16229521 1420125 512
18285446 10 16229521 1420125 512
18285447 10 16229521 1420140 512
18350983 10 16229521 1420156 512
18482056 10 16229521 1420156 512
18547593 10 16229521 1420171 512
18678666 10 16229521 1420171 512
18809739 10 16229521 1420187 512
18940812 10 16229521 1420187 512
19006349 10 16229521 1420187 512
19137421 10 16229521 1420203 512
19202959 10 16229521 1420203 512
19268495 10 16229521 1420218 512
19334031 10 16229521 1420218 512
19399568 10 16229521 1420234 512
19465105 10 16229521 1420250 512
19530641 10 16229521 1420265 512
19530642 10 16229521 1420281 512
19596178 10 16229521 1420281 512
19661714 10 16229521 1420296 512
19661714 10 16229521 1420406 514
19399570 10 16229521 1420578 513
19399572 10 16229521 1420703 512
19334037 10 16229521 1420718 512
19268509 10 16229521 1420734 512
19268511 10 16229521 1420750 512
19202978 10 16229521 1420750 512
19202981 10 16229521 1420765 512
19137447 10 16229521 1420765 512
19137449 10 16229521 1420781 512
19137450 10 16229521 1420781 512
19137451 10 16229521 1420796 512
19137453 10 16229521 1420796 512
19137454 10 16229521 1420812 512
19137455 10 16229521 1420828 512
19137457 10 16229521 1420828 512
19137460 10 16229521 1420843 512
19071927 10 16229521 1420843 512
19006394 10 16229521 1420843 512
19006396 10 16229521 1420859 512
18940863 10 16229521 1420859 512
18940866 10 16229521 1420875 512
18809797 10 16229521 1420875 512
18744264 10 16229521 1420890 512
18678731 10 16229521 1420890 512
18678733 10 16229521 1420906 512
18613199 10 16229521 1420906 512
18613200 10 16229521 1420921 512
18547665 10 16229521 1420921 512
18547666 10 16229521 1420937 512
18547667 10 16229521 1420968 512
18547668 10 16229521 1420984 512
18547668 10 16229521 1421062 514
19858204 10 16229521 1421734 513
19858210 10 16229521 1421843 512
19858216 10 16229521 1421859 512
19792684 10 16229521 1421859 512
19792691 10 16229521 1421875 512
19727160 10 16229521 1421875 512
19727164 10 16229521 1421890 512
19727169 10 16229521 1421890 512
19727172 10 16229521 1421906 512
19727175 10 16229521 1421906 512
19727176 10 16229521 1421921 512
19727177 10 16229521 1421921 512
19727178 10 16229521 1421937 512
19727179 10 16229521 1421937 512
19727180 10 16229521 1421968 512
19727181 10 16229521 1421968 512
19727182 10 16229521 1422000 512
19727183 10 16229521 1422031 512
19727184 10 16229521 1422046 512
19727185 10 16229521 1422125 512
19727186 10 16229521 1422140 512
19661652 10 16229521 1422140 512
19661653 10 16229521 1422156 512
19661654 10 16229521 1422171 512
19661655 10 16229521 1422187 512
19661655 10 16229521 1422343 514
20120350 10 16229521 1423046 513
20185887 10 16229521 1423140 512
20382497 10 16229521 1423156 512
20710183 10 16229521 1423171 512
20841258 10 16229521 1423171 512
21037869 10 16229521 1423187 512
21103407 10 16229521 1423187 512
21234481 10 16229521 1423203 512
21300019 10 16229521 1423203 512
21365557 10 16229521 1423218 512
21496630 10 16229521 1423218 512
21562167 10 16229521 1423234 512
21562168 10 16229521 1423234 512
21627705 10 16229521 1423250 512
21627706 10 16229521 1423265 512
21693242 10 16229521 1423265 512
21758779 10 16229521 1423281 512
21824316 10 16229521 1423296 512
21889852 10 16229521 1423312 512
21889853 10 16229521 1423312 512
21955389 10 16229521 1423328 512
22020926 10 16229521 1423343 512
22086462 10 16229521 1423343 512
22152000 10 16229521 1423359 512
22283073 10 16229521 1423359 512
22348609 10 16229521 1423375 512
22348610 10 16229521 1423375 512
22414146 10 16229521 1423390 512
22479683 10 16229521 1423390 512
22545220 10 16229521 1423421 512
22610756 10 16229521 1423437 512
22610757 10 16229521 1423453 512
22676293 10 16229521 1423562 512
22676293 10 16229521 1423609 514
26215313 10 16229521 1424125 513
26215314 10 16229521 1424140 512
26215315 10 16229521 1424171 512
26280852 10 16229521 1424187 512
26346389 10 16229521 1424203 512
26346390 10 16229521 1424203 512
26411926 10 16229521 1424218 512
26411927 10 16229521 1424234 512
26477464 10 16229521 1424234 512
26477465 10 16229521 1424250 512
26543002 10 16229521 1424265 512
26608539 10 16229521 1424281 512
26608540 10 16229521 1424281 512
26674078 10 16229521 1424296 512
26674079 10 16229521 1424312 512
26739616 10 16229521 1424312 512
26805154 10 16229521 1424328 512
26870691 10 16229521 1424328 512
26936228 10 16229521 1424343 512
27001766 10 16229521 1424343 512
27001767 10 16229521 1424359 512
27001768 10 16229521 1424359 512
27067304 10 16229521 1424375 512
27132842 10 16229521 1424375 512
27198379 10 16229521 1424390 512
27198380 10 16229521 1424421 512
27198380 10 16229521 1424578 514
18613209 10 16229521 1425531 513
18678745 10 16229521 1425578 512
18744281 10 16229521 1425593 512
18809817 10 16229521 1425609 512
19006422 10 16229521 1425625 512
19596239 10 16229521 1425625 512
19792845 10 16229521 1425640 512
19923914 10 16229521 1425640 512
20120521 10 16229521 1425656 512
20120520 10 16229521 1425656 512
20251592 10 16229521 1425671 512
20251591 10 16229521 1425671 512
20317126 10 16229521 1425687 512
20382661 10 16229521 1425703 512
20448197 10 16229521 1425734 512
20513733 10 16229521 1425765 512
20579269 10 16229521 1425781 512
20644804 10 16229521 1425890 512
21234622 10 16229521 1425906 512
21627833 10 16229521 1425906 512
21693369 10 16229521 1425921 512
21758904 10 16229521 1425921 512
21824439 10 16229521 1425937 512
21889975 10 16229521 1425937 512
21889975 10 16229521 1425953 514
22086583 10 16229521 1426015 513
22086583 10 16229521 1426125 514
26215295 10 16229521 1426890 513
26280831 10 16229521 1426968 512
26346367 10 16229521 1427031 512
26346366 10 16229521 1427031 512
27067255 10 16229521 1427046 512
27263861 10 16229521 1427062 512
27394932 10 16229521 1427062 512
27657073 10 16229521 1427078 512
27788145 10 16229521 1427093 512
27788144 10 16229521 1427109 512
27853680 10 16229521 1427125 512
27919216 10 16229521 1427140 512
27984752 10 16229521 1427156 512
28050288 10 16229521 1427234 512
28443497 10 16229521 1427281 512
28574568 10 16229521 1427296 512
28705638 10 16229521 1427296 512
28771173 10 16229521 1427312 512
29098849 10 16229521 1427312 512
29557596 10 16229521 1427328 512
29950809 10 16229521 1427328 512
30212949 10 16229521 1427343 512
30540626 10 16229521 1427343 512
30868304 10 16229521 1427359 512
31130445 10 16229521 1427359 512
31327051 10 16229521 1427375 512
31458123 10 16229521 1427375 512
31589193 10 16229521 1427390 512
31654729 10 16229521 1427390 512
31720264 10 16229521 1427406 512
31720263 10 16229521 1427421 512
31785799 10 16229521 1427421 512
31851335 10 16229521 1427437 512
31916871 10 16229521 1427468 512
31851336 10 16229521 1427750 512
31785800 10 16229521 1427765 512
31720265 10 16229521 1427781 512
31654729 10 16229521 1427812 512
31589195 10 16229521 1427843 512
31195983 10 16229521 1427843 512
30802771 10 16229521 1427859 512
30671702 10 16229521 1427859 512
30540632 10 16229521 1427875 512
30409561 10 16229521 1427875 512
30344026 10 16229521 1427890 512
30278491 10 16229521 1427890 512
30147420 10 16229521 1427906 512
30081885 10 16229521 1427937 512
30016349 10 16229521 1427953 512
30016350 10 16229521 1427953 512
29950814 10 16229521 1427984 512
29885278 10 16229521 1428000 512
29819742 10 16229521 1428015 512
29229922 10 16229521 1428046 512
28771173 10 16229521 1428046 512
28574567 10 16229521 1428062 512
28443497 10 16229521 1428062 512
28312425 10 16229521 1428062 512
28246890 10 16229521 1428078 512
28181354 10 16229521 1428078 512
28181355 10 16229521 1428093 512
28115819 10 16229521 1428093 512
28050283 10 16229521 1428125 512
27984747 10 16229521 1428125 512
27984747 10 16229521 1428171 514
26542998 10 16229521 1429578 513
26674071 10 16229521 1429609 512
26805144 10 16229521 1429625 512
26870682 10 16229521 1429625 512
27001756 10 16229521 1429640 512
27132830 10 16229521 1429640 512
27263905 10 16229521 1429656 512
27394979 10 16229521 1429656 512
27526053 10 16229521 1429671 512
27722663 10 16229521 1429671 512
27788202 10 16229521 1429687 512
27919275 10 16229521 1429687 512
28115885 10 16229521 1429687 512
28181424 10 16229521 1429703 512
28246961 10 16229521 1429703 512
28312499 10 16229521 1429718 512
28443574 10 16229521 1429718 512
28443575 10 16229521 1429734 512
28509113 10 16229521 1429734 512
28640187 10 16229521 1429750 512
28705727 10 16229521 1429750 512
28836802 10 16229521 1429765 512
28902341 10 16229521 1429765 512
28902344 10 16229521 1429781 512
29033418 10 16229521 1429781 512
29098956 10 16229521 1429796 512
29098958 10 16229521 1429796 512
29164495 10 16229521 1429812 512
29230033 10 16229521 1429812 512
29230034 10 16229521 1429828 512
29295570 10 16229521 1429828 512
29295571 10 16229521 1429828 512
29361108 10 16229521 1429843 512
29361109 10 16229521 1429859 512
29426645 10 16229521 1429875 512
29426646 10 16229521 1429890 512
29426647 10 16229521 1429921 512
29426648 10 16229521 1429921 512
29492185 10 16229521 1429937 512
29492186 10 16229521 1429953 512
29557722 10 16229521 1429968 512
29623259 10 16229521 1429968 512
29623260 10 16229521 1429984 512
29623261 10 16229521 1430000 512
29688797 10 16229521 1430015 512
29688799 10 16229521 1430031 512
29754335 10 16229521 1430031 512
29885410 10 16229521 1430046 512
29885411 10 16229521 1430046 512
29950948 10 16229521 1430062 512
30016485 10 16229521 1430062 512
30016486 10 16229521 1430078 512
30082023 10 16229521 1430078 512
30147560 10 16229521 1430109 512
30213096 10 16229521 1430109 512
30213097 10 16229521 1430125 512
30213097 10 16229521 1430125 514
23397192 10 16229521 1437125 513
23462728 10 16229521 1437171 512
23528264 10 16229521 1437203 512
23593800 10 16229521 1437218 512
23659336 10 16229521 1437234 512
23921480 10 16229521 1437234 512
24249157 10 16229521 1437250 512
24511299 10 16229521 1437250 512
24904513 10 16229521 1437265 512
25297727 10 16229521 1437265 512
25559870 10 16229521 1437281 512
25887548 10 16229521 1437281 512
26215226 10 16229521 1437296 512
26542905 10 16229521 1437296 512
26805047 10 16229521 1437312 512
27001654 10 16229521 1437312 512
27263797 10 16229521 1437328 512
27329333 10 16229521 1437328 512
27394868 10 16229521 1437328 512
27525940 10 16229521 1437343 512
27591476 10 16229521 1437359 512
27657012 10 16229521 1437390 512
27722548 10 16229521 1437406 512
27853620 10 16229521 1437406 512
27984691 10 16229521 1437421 512
28181299 10 16229521 1437421 512
28312371 10 16229521 1437437 512
28443443 10 16229521 1437437 512
28574515 10 16229521 1437453 512
28705587 10 16229521 1437453 512
28836659 10 16229521 1437453 512
28967731 10 16229521 1437468 512
29033267 10 16229521 1437468 512
29098803 10 16229521 1437484 512
29164339 10 16229521 1437500 512
29229875 10 16229521 1437500 512
29360947 10 16229521 1437515 512
29492019 10 16229521 1437531 512
29688627 10 16229521 1437531 512
29885235 10 16229521 1437546 512
30081843 10 16229521 1437546 512
30212915 10 16229521 1437562 512
30278451 10 16229521 1437562 512
30343987 10 16229521 1437578 512
30409523 10 16229521 1437578 512
30475059 10 16229521 1437593 512
30540595 10 16229521 1437609 512
30606131 10 16229521 1437625 512
30606131 10 16229521 1437750 514
23004083 10 16229521 1438437 513
23069620 10 16229521 1438453 512
23069621 10 16229521 1438453 512
23135158 10 16229521 1438468 512
23135159 10 16229521 1438468 512
23266232 10 16229521 1438484 512
23462842 10 16229521 1438484 512
23528381 10 16229521 1438500 512
23856063 10 16229521 1438500 512
24249283 10 16229521 1438515 512
24642502 10 16229521 1438515 512
25101258 10 16229521 1438531 512
25625551 10 16229521 1438531 512
26018769 10 16229521 1438546 512
26411988 10 16229521 1438546 512
26739671 10 16229521 1438562 512
26870746 10 16229521 1438562 512
27067355 10 16229521 1438562 512
27263965 10 16229521 1438578 512
27395038 10 16229521 1438578 512
27460576 10 16229521 1438593 512
27591649 10 16229521 1438609 512
27657186 10 16229521 1438609 512
27722722 10 16229521 1438625 512
27788260 10 16229521 1438625 512
27853796 10 16229521 1438640 512
27984870 10 16229521 1438640 512
28115943 10 16229521 1438656 512
28312553 10 16229521 1438656 512
28443626 10 16229521 1438671 512
28640236 10 16229521 1438671 512
28771309 10 16229521 1438687 512
28902382 10 16229521 1438687 512
28967919 10 16229521 1438687 512
29098992 10 16229521 1438703 512
29098993 10 16229521 1438718 512
29164529 10 16229521 1438718 512
29230065 10 16229521 1438734 512
29230066 10 16229521 1438734 512
29295602 10 16229521 1438750 512
29361138 10 16229521 1438765 512
29361138 10 16229521 1438843 514
