16056613 10 0 3305078 513
16056612 10 0 3305109 512
16122145 10 0 3305109 512
16187678 10 0 3305125 512
16318746 10 0 3305125 512
16580886 10 0 3305125 512
16777488 10 0 3305140 512
16974090 10 0 3305140 512
17170694 10 0 3305156 512
17367297 10 0 3305156 512
17563901 10 0 3305171 512
17629436 10 0 3305171 512
17760506 10 0 3305187 512
17891575 10 0 3305187 512
18088181 10 0 3305203 512
18219251 10 0 3305203 512
18350321 10 0 3305218 512
18678000 10 0 3305218 512
18940142 10 0 3305234 512
19398893 10 0 3305234 512
19595500 10 0 3305250 512
19857644 10 0 3305250 512
20119788 10 0 3305265 512
20381933 10 0 3305265 512
20709616 10 0 3305281 512
20840690 10 0 3305281 512
20971768 10 0 3305281 512
21102848 10 0 3305296 512
21299466 10 0 3305296 512
21430547 10 0 3305312 512
21561629 10 0 3305312 512
21561638 10 0 3305328 512
21561646 10 0 3305328 512
21496118 10 0 3305343 512
21496121 10 0 3305343 512
21365053 10 0 3305359 512
21365054 10 0 3305359 512
21365055 10 0 3305375 512
21233985 10 0 3305375 512
21102913 10 0 3305390 512
20709700 10 0 3305390 512
20119878 10 0 3305406 512
19661126 10 0 3305406 512
19464519 10 0 3305406 512
19267911 10 0 3305421 512
18809158 10 0 3305421 512
18547013 10 0 3305437 512
17957186 10 0 3305437 512
17695040 10 0 3305453 512
17563968 10 0 3305453 512
17367358 10 0 3305468 512
17367357 10 0 3305468 512
17236284 10 0 3305484 512
17236283 10 0 3305484 512
17236282 10 0 3305500 512
17170745 10 0 3305500 512
17105207 10 0 3305515 512
17105204 10 0 3305515 512
17105203 10 0 3305531 512
17039666 10 0 3305531 512
16974129 10 0 3305546 512
16974127 10 0 3305546 512
16974126 10 0 3305546 512
16974125 10 0 3305562 512
16974124 10 0 3305562 512
16974123 10 0 3305578 512
16974122 10 0 3305578 512
16908586 10 0 3305593 512
16908585 10 0 3305609 512
16908585 10 0 3305609 514
15663466 10 0 3305843 513
15663467 10 0 3305859 512
15663469 10 0 3305890 512
15729006 10 0 3305890 512
15925616 10 0 3305906 512
16122226 10 0 3305906 512
16712055 10 0 3305921 512
17236349 10 0 3305921 512
18219397 10 0 3305937 512
20578706 10 0 3305937 512
22544796 10 0 3305953 512
24838567 10 0 3305953 512
26476973 10 0 3305968 512
27853234 10 0 3305968 512
29098424 10 0 3305968 512
30605759 10 0 3305984 512
31654339 10 0 3305984 512
32375237 10 0 3306000 512
33030599 10 0 3306000 512
33620425 10 0 3306015 512
33948106 10 0 3306015 512
34144715 10 0 3306031 512
34275787 10 0 3306031 512
34275787 10 0 3306031 514
15729158 10 0 3306437 513
15663622 10 0 3306453 512
15598086 10 0 3306484 512
15532550 10 0 3306500 512
15794693 10 0 3306531 512
16843269 10 0 3306531 512
17957381 10 0 3306546 512
18481671 10 0 3306546 512
19071496 10 0 3306562 512
19595786 10 0 3306562 512
20120076 10 0 3306578 512
20578830 10 0 3306578 512
20709903 10 0 3306593 512
20906512 10 0 3306593 512
20972049 10 0 3306609 512
21037585 10 0 3306609 512
21103121 10 0 3306625 512
21103122 10 0 3306656 512
20840978 10 0 3306656 512
20316690 10 0 3306671 512
19399186 10 0 3306671 512
16777744 10 0 3306687 512
15139343 10 0 3306703 512
14352910 10 0 3306703 512
13369870 10 0 3306718 512
12845581 10 0 3306718 512
12583436 10 0 3306734 512
12386828 10 0 3306734 512
12255756 10 0 3306750 512
12190219 10 0 3306750 512
12124683 10 0 3306765 512
12059147 10 0 3306765 512
11993611 10 0 3306781 512
11928075 10 0 3306781 512
11862539 10 0 3306796 512
11665934 10 0 3306812 512
11338265 10 0 3306828 512
11076133 10 0 3306828 512
10945072 10 0 3306843 512
10748476 10 0 3306843 512
10682953 10 0 3306859 512
10617431 10 0 3306859 512
10551908 10 0 3306875 512
10551919 10 0 3306875 512
10551927 10 0 3306890 512
10551935 10 0 3306890 512
10551941 10 0 3306906 512
10551951 10 0 3306906 512
10551959 10 0 3306921 512
10551964 10 0 3306921 512
10551968 10 0 3306921 512
10617509 10 0 3306937 512
10683047 10 0 3306937 512
10683049 10 0 3306953 512
10814124 10 0 3306953 512
10945199 10 0 3306968 512
11010737 10 0 3306968 512
11141810 10 0 3306984 512
11272884 10 0 3306984 512
11338421 10 0 3307000 512
11469495 10 0 3307000 512
11600568 10 0 3307015 512
11666105 10 0 3307015 512
11797177 10 0 3307031 512
11862714 10 0 3307046 512
12059323 10 0 3307046 512
12452539 10 0 3307062 512
12845754 10 0 3307062 512
13304504 10 0 3307062 512
13828788 10 0 3307078 512
14877357 10 0 3307078 512
15729320 10 0 3307093 512
16515745 10 0 3307093 512
17171101 10 0 3307109 512
17760920 10 0 3307109 512
18023062 10 0 3307125 512
18350739 10 0 3307125 512
18547345 10 0 3307140 512
18743951 10 0 3307140 512
18875022 10 0 3307156 512
19006093 10 0 3307156 512
19071629 10 0 3307171 512
19137164 10 0 3307171 512
19333768 10 0 3307187 512
19858041 10 0 3307187 512
20185709 10 0 3307203 512
20447843 10 0 3307203 512
20578904 10 0 3307203 512
20906573 10 0 3307218 512
21037626 10 0 3307218 512
21234216 10 0 3307234 512
21299740 10 0 3307234 512
21365265 10 0 3307250 512
21365257 10 0 3307250 512
21365253 10 0 3307265 512
21430786 10 0 3307265 512
21430784 10 0 3307281 512
21430783 10 0 3307281 512
21430782 10 0 3307296 512
21430780 10 0 3307312 512
21430779 10 0 3307328 512
21430779 10 0 3307343 514
22282743 10 0 3307562 513
22348278 10 0 3307578 512
22413814 10 0 3307625 512
22413818 10 0 3307640 512
22413825 10 0 3307640 512
22413835 10 0 3307640 512
22413848 10 0 3307656 512
22413859 10 0 3307656 512
22413867 10 0 3307671 512
22413878 10 0 3307671 512
22413890 10 0 3307687 512
22348368 10 0 3307687 512
22282847 10 0 3307703 512
22282861 10 0 3307703 512
22217339 10 0 3307718 512
22217353 10 0 3307718 512
22217368 10 0 3307734 512
22020773 10 0 3307734 512
22020786 10 0 3307734 512
21955260 10 0 3307750 512
21889729 10 0 3307750 512
21824198 10 0 3307765 512
21824200 10 0 3307765 512
21824201 10 0 3307781 512
21824203 10 0 3307781 512
21824204 10 0 3307796 512
21824203 10 0 3307937 512
21889736 10 0 3307937 512
21955270 10 0 3307953 512
22020805 10 0 3307953 512
22741689 10 0 3307953 512
23397041 10 0 3307968 512
24117931 10 0 3307968 512
24969894 10 0 3307984 512
25690784 10 0 3307984 512
26542749 10 0 3308000 512
27263642 10 0 3308000 512
27722391 10 0 3308015 512
28115607 10 0 3308015 512
28312214 10 0 3308015 512
28443286 10 0 3308031 512
28508821 10 0 3308031 512
28639893 10 0 3308046 512
28705429 10 0 3308062 512
28705429 10 0 3308062 514
15074054 10 0 3308359 513
15074056 10 0 3308359 512
15008520 10 0 3308375 512
14942985 10 0 3308390 512
14811916 10 0 3308406 512
14549780 10 0 3308406 512
14353179 10 0 3308421 512
14156581 10 0 3308421 512
13894449 10 0 3308421 512
13501245 10 0 3308437 512
13173577 10 0 3308453 512
12845919 10 0 3308453 512
12256118 10 0 3308453 512
11993990 10 0 3308468 512
11797394 10 0 3308468 512
11666330 10 0 3308484 512
11535264 10 0 3308484 512
11469734 10 0 3308500 512
11404203 10 0 3308500 512
11404209 10 0 3308515 512
11404212 10 0 3308515 512
11404215 10 0 3308531 512
11404218 10 0 3308531 512
11404219 10 0 3308546 512
11404220 10 0 3308546 512
11404221 10 0 3308562 512
11404222 10 0 3308578 512
11535291 10 0 3308609 512
11928487 10 0 3308609 512
12583822 10 0 3308625 512
13042557 10 0 3308625 512
13239154 10 0 3308640 512
13435752 10 0 3308640 512
13632352 10 0 3308656 512
13763419 10 0 3308656 512
13894481 10 0 3308671 512
13960015 10 0 3308687 512
13960014 10 0 3308687 512
13960013 10 0 3308703 512
14025548 10 0 3308703 512
14025547 10 0 3308718 512
14156618 10 0 3308750 512
14287689 10 0 3308765 512
14287689 10 0 3308765 514
16188225 10 0 3308937 513
16450369 10 0 3308937 512
16712513 10 0 3308953 512
17302336 10 0 3308968 512
17630015 10 0 3308968 512
17826622 10 0 3308968 512
18154301 10 0 3308984 512
18285373 10 0 3308984 512
18350909 10 0 3309000 512
18416445 10 0 3309000 512
18613053 10 0 3309015 512
18809663 10 0 3309015 512
18809664 10 0 3309031 512
19006273 10 0 3309031 512
19071810 10 0 3309046 512
19202884 10 0 3309046 512
19333958 10 0 3309062 512
19399497 10 0 3309062 512
19530572 10 0 3309078 512
19530579 10 0 3309078 512
19530590 10 0 3309093 512
19530604 10 0 3309093 512
19334010 10 0 3309109 512
18940808 10 0 3309109 512
18482076 10 0 3309125 512
17957803 10 0 3309125 512
17564598 10 0 3309125 512
17236927 10 0 3309140 512
17040322 10 0 3309140 512
16974788 10 0 3309156 512
16909253 10 0 3309156 512
16843718 10 0 3309171 512
16778182 10 0 3309187 512
16712646 10 0 3309187 512
16647108 10 0 3309203 512
16516030 10 0 3309203 512
16384951 10 0 3309218 512
16319406 10 0 3309218 512
16319397 10 0 3309234 512
16319387 10 0 3309234 512
16384912 10 0 3309250 512
16515975 10 0 3309250 512
16647039 10 0 3309250 512
16778101 10 0 3309265 512
16974699 10 0 3309265 512
17236834 10 0 3309281 512
17498968 10 0 3309281 512
17695570 10 0 3309296 512
17892172 10 0 3309296 512
17957705 10 0 3309312 512
18088775 10 0 3309312 512
18154310 10 0 3309328 512
18350916 10 0 3309328 512
18481986 10 0 3309343 512
18744129 10 0 3309343 512
19006272 10 0 3309359 512
19268415 10 0 3309359 512
19596095 10 0 3309375 512
19792703 10 0 3309375 512
19989311 10 0 3309390 512
20251458 10 0 3309390 512
20251458 10 0 3309390 514
16122842 10 0 3309625 513
15860706 10 0 3309640 512
15533032 10 0 3309640 512
15336431 10 0 3309656 512
15139828 10 0 3309656 512
14943226 10 0 3309671 512
14812157 10 0 3309671 512
14746624 10 0 3309671 512
14746627 10 0 3309687 512
14615559 10 0 3309687 512
14484490 10 0 3309703 512
14418958 10 0 3309703 512
14418963 10 0 3309718 512
14353432 10 0 3309718 512
14287902 10 0 3309734 512
14156838 10 0 3309734 512
14091309 10 0 3309750 512
13894708 10 0 3309750 512
13763642 10 0 3309765 512
13698109 10 0 3309765 512
13632575 10 0 3309781 512
13632577 10 0 3309781 512
13632578 10 0 3309796 512
13632579 10 0 3309812 512
13632580 10 0 3309812 512
13632579 10 0 3309843 512
13960252 10 0 3309843 512
14222388 10 0 3309859 512
14222388 10 0 3309859 514
17826811 10 0 3310015 513
17826813 10 0 3310031 512
17695745 10 0 3310046 512
17499143 10 0 3310062 512
17040399 10 0 3310062 512
16647191 10 0 3310078 512
16188447 10 0 3310078 512
15991844 10 0 3310078 512
15860774 10 0 3310093 512
15729704 10 0 3310093 512
15664170 10 0 3310109 512
15598634 10 0 3310109 512
15598635 10 0 3310125 512
15467564 10 0 3310125 512
15336492 10 0 3310140 512
15074349 10 0 3310140 512
14812206 10 0 3310156 512
14812206 10 0 3310156 514
13567022 10 0 3310343 513
14025774 10 0 3310343 512
14353454 10 0 3310359 512
14812206 10 0 3310359 512
15139886 10 0 3310375 512
15533103 10 0 3310390 512
15664175 10 0 3310390 512
15729711 10 0 3310406 512
15860783 10 0 3310406 512
15926319 10 0 3310421 512
15991855 10 0 3310421 512
16057391 10 0 3310437 512
16122927 10 0 3310437 512
16188463 10 0 3310453 512
16253999 10 0 3310468 512
16319535 10 0 3310500 512
16385071 10 0 3310500 512
16581679 10 0 3310515 512
16843821 10 0 3310515 512
17105961 10 0 3310531 512
18482207 10 0 3310546 512
20579346 10 0 3310562 512
21234701 10 0 3310562 512
21693450 10 0 3310578 512
22283270 10 0 3310578 512
22742020 10 0 3310593 512
23004162 10 0 3310593 512
23200769 10 0 3310609 512
23331841 10 0 3310609 512
23397377 10 0 3310625 512
23462912 10 0 3310625 512
23528447 10 0 3310625 512
23593983 10 0 3310640 512
23659519 10 0 3310656 512
23659518 10 0 3310671 512
23659512 10 0 3310671 512
23659501 10 0 3310687 512
23659501 10 0 3310687 514
22807443 10 0 3310828 513
22807442 10 0 3310843 512
22872978 10 0 3310890 512
23200656 10 0 3310890 512
23659406 10 0 3310906 512
24314763 10 0 3310906 512
24773512 10 0 3310921 512
25953155 10 0 3310921 512
26346370 10 0 3310937 512
26674049 10 0 3310937 512
27067264 10 0 3310953 512
27329408 10 0 3310953 512
27460480 10 0 3310968 512
27657088 10 0 3310968 512
27853696 10 0 3310984 512
27984769 10 0 3310984 512
28246914 10 0 3311000 512
28443524 10 0 3311000 512
28574597 10 0 3311015 512
28771207 10 0 3311015 512
28967817 10 0 3311031 512
29098891 10 0 3311031 512
29229965 10 0 3311031 512
29426575 10 0 3311046 512
29557653 10 0 3311046 512
29754267 10 0 3311062 512
29885345 10 0 3311062 512
30016425 10 0 3311078 512
30147504 10 0 3311078 512
30344122 10 0 3311093 512
30475209 10 0 3311093 512
30475225 10 0 3311109 512
30475242 10 0 3311109 512
30475256 10 0 3311125 512
30606342 10 0 3311125 512
30606354 10 0 3311140 512
30606366 10 0 3311140 512
30606374 10 0 3311156 512
30671918 10 0 3311156 512
30737457 10 0 3311171 512
30737459 10 0 3311171 512
30737461 10 0 3311171 512
30737463 10 0 3311187 512
30737464 10 0 3311203 512
30737464 10 0 3311203 514
